750
947 949
339 341
474 475
285 288
94 95
871 872
28
120
937 940
982 984
134 137
894 897
289 290
496 498
788 789
481 482
936
635 636
118 119
438 443
391
924
673 674
140
99 101
525 527
299
386 388
609 612
333
168 169
40 44
91 93
832 833
539
310 318
618 619
436
973 974
697 698
246 248
70
561
647
407 408
735 737
270 271
265
297 304
6 8
837 838
607 608
662 664
205
345 350
657 659
83
249 250
716 717
200 204
259 262
390 392
751 752
87
223 224
857 858
707
583 585
494 495
757
745
451
740 744
993 995
49 51
816 817
401 402
313
330 331
394 395
620 622
665 666
509
557
218 221
502
902 903
572 573
866 868
457
415 417
273 280
834 835
196
409 410
359 363
131 133
564 566
825 828
500
765 769
384 385
231 234
153 155
753 758
906
775
22
181
238 242
198 199
470 471
861 862
71 72
125
951
742
533
899
890
628 630
428 432
3
387
138 143
682
501 503
584
684 685
102 104
337 338
171 172
80 82
771
818 824
466 469
343 344
27 30
992
356
334
506
705 709
891 892
260
24
761
352
759 760
797 798
46 47
904 909
667
929 930
66 67
627
723
499
532
877
226 227
490 492
370
159
464 465
555
762 763
668 670
912 915
579 580
57 58
961 965
958 960
23
567
596
485
637 643
34
20 26
581 582
599 600
202
252 253
144 146
813 814
543 544
422 424
660 661
335 336
281
455 458
233
358
35
645
853 856
850
800 801
73
808 810
114 115
840 841
235
519
720 721
811
78
286
103
945 946
615 617
54 55
864
997
998
372 373
121
201
577 578
553 558
217
550
187
774 781
802
575
970
39
873 876
116 117
812
916 918
994
141
985 988
311
243 244
423
756
459 461
43
633 634
537 542
156 157
882 883
913
746
158 160
468
956 957
403 405
255
247
917
977 979
161 162
81
450
714 715
688
258
348
702
888
15 18
747
678
241
594
712
908
898 901
950
397
623
845
726 731
452 454
512 513
591
964
605
516
113
523 524
568 571
381
848
92
514
222
869
651 653
60
9
434 437
5
939
846 847
287
211
925
728
732
749 750
900
426 427
729
922
393
859
324 327
274
574
807
74
528 529
300
89
878
852
151 152
31 32
483
109
820
631 632
493
826
100
919 920
739
484 487
413 414
416
123 124
530
382 383
163 165
10 12
725
368 371
718
86 88
472
302
96 97
785
425
360
473
364
375 376
681 683
214 215
321 322
272
967 968
98
347
329
972
275
654
865
669
843
874
460
962
548 552
463
990 991
17
76 79
225
836
706
638
896
879 881
545 547
704
279
178
795 796
328
228
59 61
476 478
216
298
11
510 511
209
777
179
191 195
50
365 366
921
821
589 590
764
803
886
708
170
486
691
658
177
291 295
614
7
517 518
736
316
889
966
983
349
319
508
406
446
19
56
236 237
256 257
229
576
0 2
145
768
526
699 700
389
232
418 419
374
180 182
980 981
197
887
724
189
927 928
139
129 130
453
799
167
4
314
90
84 85
975
142
822
551
38
183 185
805 806
400
613
727
842
442
420
435
268
677
1
914
323
923
932 934
969
105 108
870
263 264
844
823
378
52 53
320
770 773
361
778
340
284
536
147 150
935
48
779
963
186
276
829
16
560
351
556
534 535
188 190
616
971
433
64 65
987
621
656
342
675 676
640
254
595 598
952 953
369
941 943
655
649
278
219
955
741
611
592
644
309
283
831
559
479
296
166
942
504
521 522
624 625
212
174
456
111
317
149
546
203
21
860
308
730
672
686 689
646
680
398 399
126 128
266 269
411
148
245
210
332
650
110
562 563
738
996 999
326
429
604
663
480
439
792
353 355
815
467
194
905
13
606
230
497
206 207
507
430
854
379
849
784
875
293
261
884 885
893
626
629
77
306 307
173 175
346
540
610
652
772
648
743
68 69
722
978
597
33
910 911
489
767
867
520
127
880
809
710 711
569
184
755
444 445
208
36 37
693
154
701 703
671
695 696
586 587
786
239
75
734
565
192
642
976
690
325
441
29
251
827
42
804
122
855
25
602
220
791
819
679
863
377
986
362
839
136
315
367
312
421
45
793 794
106
541
301
488
396
780
164
447 449
448
107
491
694
112
132
176
782 783
931
354
954
303
692
267
282
404
907
554
641
895
944
193
538
570
588
601 603
754
926
776
431
790
440
719
41
477
62
213
292
505
63
948
639
412
549
766
531
787
933
305
959
515
733
294
593
462
135
989
357
851
687
380
14
240
938
748
713
277
830
