750
596
723
452
387
307
271
96
423
619
580
49
234
302
68
625
118
613
349
258
112
171
455
251
122
32
360
592
737
98
672
375
436
511
75
241
41
499
685
635
705
70
212
355
255
711
77
167
352
145
520
52
182
85
630
554
745
39
612
93
542
278
191
146
534
184
37
679
498
628
698
108
401
371
202
16
435
719
18
425
445
311
310
326
143
626
106
575
306
550
196
648
303
718
275
283
523
460
42
521
731
71
342
651
569
281
655
537
608
12
180
504
526
379
252
344
494
253
208
328
294
178
161
375
623
444
700
693
370
436
675
399
165
64
707
200
474
290
573
244
463
297
249
125
78
474
704
221
627
526
667
523
484
216
407
469
609
86
602
362
131
736
147
448
535
64
353
541
681
513
533
605
430
266
611
543
695
114
8
671
260
248
730
316
93
160
414
422
25
111
640
462
384
339
555
714
92
411
73
393
222
291
95
82
316
566
392
426
247
597
129
678
429
271
354
594
115
350
721
140
577
338
558
527
644
158
509
715
445
682
675
218
388
5
722
3
661
692
688
745
367
279
303
408
131
545
550
224
365
50
189
120
325
4
487
481
737
277
747
215
371
410
721
296
571
161
205
269
642
20
449
220
472
34
600
54
606
130
139
647
530
398
373
539
468
719
451
433
492
259
408
661
508
300
412
30
133
604
301
102
503
694
374
483
391
670
615
440
403
154
181
108
641
638
362
690
475
73
619
369
471
80
614
649
157
212
58
331
465
634
531
137
400
473
703
610
106
186
325
197
505
168
337
60
117
734
688
182
188
289
660
66
223
620
174
389
171
68
385
164
359
348
244
480
231
330
580
17
570
748
739
595
176
315
319
544
559
210
547
423
641
321
291
101
509
311
201
89
146
540
137
91
5
383
8
221
15
673
656
341
172
270
276
39
358
704
217
603
417
382
497
228
57
13
743
206
525
125
589
402
242
446
16
148
87
7
45
144
335
199
195
617
633
194
654
664
487
684
261
328
75
710
515
598
265
22
727
298
686
243
31
747
552
453
10
679
155
564
680
38
702
320
469
159
356
36
169
432
420
577
60
124
216
2
329
536
744
477
726
166
356
419
225
378
48
141
349
522
573
588
489
650
499
367
264
441
565
460
729
645
434
67
563
294
542
458
262
395
55
83
96
459
127
22
341
361
112
501
581
236
313
700
268
266
187
204
583
255
136
512
286
507
613
0
47
449
564
53
519
393
651
574
191
19
115
170
636
288
707
405
587
699
201
517
196
578
584
567
118
585
213
84
272
238
516
128
233
185
663
685
254
455
593
104
490
109
601
431
728
668
725
632
339
599
121
245
320
467
57
229
532
590
502
512
624
285
259
442
631
284
282
318
273
257
485
734
538
402
90
381
305
334
486
101
697
740
175
309
72
553
29
152
32
324
27
235
427
556
123
454
495
438
299
713
463
237
232
466
156
416
322
410
482
63
732
250
415
404
629
88
711
739
716
28
344
656
657
232
443
43
666
518
637
439
742
495
659
386
333
347
676
562
177
293
176
528
665
153
582
308
139
0
492
717
554
456
226
346
44
696
366
81
26
561
733
240
190
491
506
560
230
646
62
397
12
653
709
672
426
133
51
278
363
33
203
135
414
549
56
287
606
691
476
669
23
478
396
548
11
45
390
211
572
421
98
380
151
209
192
335
616
99
103
77
639
314
150
622
377
162
591
